3
33
12.7974 77.4239
12.856 77.5887
12.856 77.5887
12.8872 77.5971
12.8896 77.5977
12.8896 77.5977
12.8896 77.5977
12.8896 77.5977
12.8896 77.5977
12.8896 77.5977
12.8881 77.5915
12.9169 77.6217
12.909 77.5979
12.909 77.5979
12.909 77.5979
12.909 77.5979
12.9177 77.6089
12.9177 77.6089
12.9125 77.5982
12.9142 77.6008
12.9165 77.6017
12.9165 77.6017
12.9165 77.6017
12.9165 77.6017
12.9165 77.6017
12.9165 77.6017
12.9165 77.6017
12.9165 77.6017
12.9175 77.6
12.9175 77.6
12.9219 77.5986
12.9219 77.5986
12.942 77.6232
0 31801 31801 35412 35937 35937 35937 35937 35937 35937 36306 40377 36926 36926 36926 36926 39388 39388 37350 37832 38194 38194 38194 38194 38194 38194 38194 38194 38110 38110 38792 38792 37229 
31801 0 0 3611 3885 3885 3885 3885 3885 3885 4254 9381 6492 6492 6492 6492 8099 8099 6802 6836 7198 7198 7198 7198 7198 7198 7198 7198 7114 7114 7784 7784 12385 
31801 0 0 3611 3885 3885 3885 3885 3885 3885 4254 9381 6492 6492 6492 6492 8099 8099 6802 6836 7198 7198 7198 7198 7198 7198 7198 7198 7114 7114 7784 7784 12385 
35412 3611 3611 0 614 614 614 614 614 614 993 5769 2880 2880 2880 2880 4780 4780 3218 3224 3586 3586 3586 3586 3586 3586 3586 3586 3502 3502 4184 4184 8773 
35937 3885 3885 614 0 0 0 0 0 0 957 5722 2862 2862 2862 2862 4213 4213 2916 3206 3497 3497 3497 3497 3497 3497 3497 3497 3484 3484 3898 3898 8755 
35937 3885 3885 614 0 0 0 0 0 0 957 5722 2862 2862 2862 2862 4213 4213 2916 3206 3497 3497 3497 3497 3497 3497 3497 3497 3484 3484 3898 3898 8755 
35937 3885 3885 614 0 0 0 0 0 0 957 5722 2862 2862 2862 2862 4213 4213 2916 3206 3497 3497 3497 3497 3497 3497 3497 3497 3484 3484 3898 3898 8755 
35937 3885 3885 614 0 0 0 0 0 0 957 5722 2862 2862 2862 2862 4213 4213 2916 3206 3497 3497 3497 3497 3497 3497 3497 3497 3484 3484 3898 3898 8755 
35937 3885 3885 614 0 0 0 0 0 0 957 5722 2862 2862 2862 2862 4213 4213 2916 3206 3497 3497 3497 3497 3497 3497 3497 3497 3484 3484 3898 3898 8755 
35937 3885 3885 614 0 0 0 0 0 0 957 5722 2862 2862 2862 2862 4213 4213 2916 3206 3497 3497 3497 3497 3497 3497 3497 3497 3484 3484 3898 3898 8755 
36306 4254 4254 993 957 957 957 957 957 957 0 6526 3637 3637 3637 3637 5171 5171 3874 3981 4343 4343 4343 4343 4343 4343 4343 4343 4259 4259 4856 4856 9530 
40377 9381 9381 5769 5722 5722 5722 5722 5722 5722 6526 0 3478 3478 3478 3478 1545 1545 3258 2682 2182 2182 2182 2182 2182 2182 2182 2182 3323 3323 3157 3157 4259 
36926 6492 6492 2880 2862 2862 2862 2862 2862 2862 3637 3478 0 0 0 0 2187 2187 612 933 1295 1295 1295 1295 1295 1295 1295 1295 1211 1211 1872 1872 6482 
36926 6492 6492 2880 2862 2862 2862 2862 2862 2862 3637 3478 0 0 0 0 2187 2187 612 933 1295 1295 1295 1295 1295 1295 1295 1295 1211 1211 1872 1872 6482 
36926 6492 6492 2880 2862 2862 2862 2862 2862 2862 3637 3478 0 0 0 0 2187 2187 612 933 1295 1295 1295 1295 1295 1295 1295 1295 1211 1211 1872 1872 6482 
36926 6492 6492 2880 2862 2862 2862 2862 2862 2862 3637 3478 0 0 0 0 2187 2187 612 933 1295 1295 1295 1295 1295 1295 1295 1295 1211 1211 1872 1872 6482 
39388 8099 8099 4780 4213 4213 4213 4213 4213 4213 5171 1545 2187 2187 2187 2187 0 0 1749 1693 1193 1193 1193 1193 1193 1193 1193 1193 1921 1921 1820 1820 4110 
39388 8099 8099 4780 4213 4213 4213 4213 4213 4213 5171 1545 2187 2187 2187 2187 0 0 1749 1693 1193 1193 1193 1193 1193 1193 1193 1193 1921 1921 1820 1820 4110 
37350 6802 6802 3218 2916 2916 2916 2916 2916 2916 3874 3258 612 612 612 612 1749 1749 0 970 1033 1033 1033 1033 1033 1033 1033 1033 1248 1248 1434 1434 6517 
37832 6836 6836 3224 3206 3206 3206 3206 3206 3206 3981 2682 933 933 933 933 1693 1693 970 0 499 499 499 499 499 499 499 499 446 446 1128 1128 5717 
38194 7198 7198 3586 3497 3497 3497 3497 3497 3497 4343 2182 1295 1295 1295 1295 1193 1193 1033 499 0 0 0 0 0 0 0 0 947 947 974 974 4947 
38194 7198 7198 3586 3497 3497 3497 3497 3497 3497 4343 2182 1295 1295 1295 1295 1193 1193 1033 499 0 0 0 0 0 0 0 0 947 947 974 974 4947 
38194 7198 7198 3586 3497 3497 3497 3497 3497 3497 4343 2182 1295 1295 1295 1295 1193 1193 1033 499 0 0 0 0 0 0 0 0 947 947 974 974 4947 
38194 7198 7198 3586 3497 3497 3497 3497 3497 3497 4343 2182 1295 1295 1295 1295 1193 1193 1033 499 0 0 0 0 0 0 0 0 947 947 974 974 4947 
38194 7198 7198 3586 3497 3497 3497 3497 3497 3497 4343 2182 1295 1295 1295 1295 1193 1193 1033 499 0 0 0 0 0 0 0 0 947 947 974 974 4947 
38194 7198 7198 3586 3497 3497 3497 3497 3497 3497 4343 2182 1295 1295 1295 1295 1193 1193 1033 499 0 0 0 0 0 0 0 0 947 947 974 974 4947 
38194 7198 7198 3586 3497 3497 3497 3497 3497 3497 4343 2182 1295 1295 1295 1295 1193 1193 1033 499 0 0 0 0 0 0 0 0 947 947 974 974 4947 
38194 7198 7198 3586 3497 3497 3497 3497 3497 3497 4343 2182 1295 1295 1295 1295 1193 1193 1033 499 0 0 0 0 0 0 0 0 947 947 974 974 4947 
38110 7114 7114 3502 3484 3484 3484 3484 3484 3484 4259 3323 1211 1211 1211 1211 1921 1921 1248 446 947 947 947 947 947 947 947 947 0 0 683 683 5272 
38110 7114 7114 3502 3484 3484 3484 3484 3484 3484 4259 3323 1211 1211 1211 1211 1921 1921 1248 446 947 947 947 947 947 947 947 947 0 0 683 683 5272 
38792 7784 7784 4184 3898 3898 3898 3898 3898 3898 4856 3157 1872 1872 1872 1872 1820 1820 1434 1128 974 974 974 974 974 974 974 974 683 683 0 0 5271 
38792 7784 7784 4184 3898 3898 3898 3898 3898 3898 4856 3157 1872 1872 1872 1872 1820 1820 1434 1128 974 974 974 974 974 974 974 974 683 683 0 0 5271 
37229 12385 12385 8773 8755 8755 8755 8755 8755 8755 9530 4259 6482 6482 6482 6482 4110 4110 6517 5717 4947 4947 4947 4947 4947 4947 4947 4947 5272 5272 5271 5271 0 
33
12.7974 77.4239
12.9409 77.6199
12.9409 77.6199
12.9409 77.6199
12.935 77.6115
12.935 77.6115
12.935 77.6115
12.935 77.6115
12.935 77.6115
12.935 77.6115
12.9269 77.5991
12.9269 77.5991
12.9269 77.5991
12.9269 77.5991
12.9362 77.6089
12.9368 77.6004
12.9522 77.6189
12.9522 77.6189
12.9522 77.6189
12.9435 77.6077
12.9435 77.6075
12.9437 77.6077
12.9437 77.6077
12.9437 77.6077
12.9437 77.6077
12.9437 77.6077
12.9437 77.6077
12.9437 77.6077
12.9437 77.6077
12.9437 77.6077
12.9437 77.6077
12.9437 77.6077
12.9437 77.6077
0 37287 37287 37287 35974 35974 35974 35974 35974 35974 39695 39695 39695 39695 35686 35089 35844 35844 35844 35494 35040 35473 35473 35473 35473 35473 35473 35473 35473 35473 35473 35473 35473 
37287 0 0 0 1415 1415 1415 1415 1415 1415 4240 4240 4240 4240 2294 3723 1897 1897 1897 2380 2434 2401 2401 2401 2401 2401 2401 2401 2401 2401 2401 2401 2401 
37287 0 0 0 1415 1415 1415 1415 1415 1415 4240 4240 4240 4240 2294 3723 1897 1897 1897 2380 2434 2401 2401 2401 2401 2401 2401 2401 2401 2401 2401 2401 2401 
37287 0 0 0 1415 1415 1415 1415 1415 1415 4240 4240 4240 4240 2294 3723 1897 1897 1897 2380 2434 2401 2401 2401 2401 2401 2401 2401 2401 2401 2401 2401 2401 
35974 1415 1415 1415 0 0 0 0 0 0 2558 2558 2558 2558 492 1921 3204 3204 3204 1045 1180 1066 1066 1066 1066 1066 1066 1066 1066 1066 1066 1066 1066 
35974 1415 1415 1415 0 0 0 0 0 0 2558 2558 2558 2558 492 1921 3204 3204 3204 1045 1180 1066 1066 1066 1066 1066 1066 1066 1066 1066 1066 1066 1066 
35974 1415 1415 1415 0 0 0 0 0 0 2558 2558 2558 2558 492 1921 3204 3204 3204 1045 1180 1066 1066 1066 1066 1066 1066 1066 1066 1066 1066 1066 1066 
35974 1415 1415 1415 0 0 0 0 0 0 2558 2558 2558 2558 492 1921 3204 3204 3204 1045 1180 1066 1066 1066 1066 1066 1066 1066 1066 1066 1066 1066 1066 
35974 1415 1415 1415 0 0 0 0 0 0 2558 2558 2558 2558 492 1921 3204 3204 3204 1045 1180 1066 1066 1066 1066 1066 1066 1066 1066 1066 1066 1066 1066 
35974 1415 1415 1415 0 0 0 0 0 0 2558 2558 2558 2558 492 1921 3204 3204 3204 1045 1180 1066 1066 1066 1066 1066 1066 1066 1066 1066 1066 1066 1066 
39695 4240 4240 4240 2558 2558 2558 2558 2558 2558 0 0 0 0 2270 1339 5162 5162 5162 2952 2809 2931 2931 2931 2931 2931 2931 2931 2931 2931 2931 2931 2931 
39695 4240 4240 4240 2558 2558 2558 2558 2558 2558 0 0 0 0 2270 1339 5162 5162 5162 2952 2809 2931 2931 2931 2931 2931 2931 2931 2931 2931 2931 2931 2931 
39695 4240 4240 4240 2558 2558 2558 2558 2558 2558 0 0 0 0 2270 1339 5162 5162 5162 2952 2809 2931 2931 2931 2931 2931 2931 2931 2931 2931 2931 2931 2931 
39695 4240 4240 4240 2558 2558 2558 2558 2558 2558 0 0 0 0 2270 1339 5162 5162 5162 2952 2809 2931 2931 2931 2931 2931 2931 2931 2931 2931 2931 2931 2931 
35686 2294 2294 2294 492 492 492 492 492 492 2270 2270 2270 2270 0 1633 3609 3609 3609 884 1019 905 905 905 905 905 905 905 905 905 905 905 905 
35089 3723 3723 3723 1921 1921 1921 1921 1921 1921 1339 1339 1339 1339 1633 0 4525 4525 4525 2323 2172 2344 2344 2344 2344 2344 2344 2344 2344 2344 2344 2344 2344 
35844 1897 1897 1897 3204 3204 3204 3204 3204 3204 5162 5162 5162 5162 3609 4525 0 0 0 2887 2426 2908 2908 2908 2908 2908 2908 2908 2908 2908 2908 2908 2908 
35844 1897 1897 1897 3204 3204 3204 3204 3204 3204 5162 5162 5162 5162 3609 4525 0 0 0 2887 2426 2908 2908 2908 2908 2908 2908 2908 2908 2908 2908 2908 2908 
35844 1897 1897 1897 3204 3204 3204 3204 3204 3204 5162 5162 5162 5162 3609 4525 0 0 0 2887 2426 2908 2908 2908 2908 2908 2908 2908 2908 2908 2908 2908 2908 
35494 2380 2380 2380 1045 1045 1045 1045 1045 1045 2952 2952 2952 2952 884 2323 2887 2887 2887 0 135 21 21 21 21 21 21 21 21 21 21 21 21 
35040 2434 2434 2434 1180 1180 1180 1180 1180 1180 2809 2809 2809 2809 1019 2172 2426 2426 2426 135 0 114 114 114 114 114 114 114 114 114 114 114 114 
35473 2401 2401 2401 1066 1066 1066 1066 1066 1066 2931 2931 2931 2931 905 2344 2908 2908 2908 21 114 0 0 0 0 0 0 0 0 0 0 0 0 
35473 2401 2401 2401 1066 1066 1066 1066 1066 1066 2931 2931 2931 2931 905 2344 2908 2908 2908 21 114 0 0 0 0 0 0 0 0 0 0 0 0 
35473 2401 2401 2401 1066 1066 1066 1066 1066 1066 2931 2931 2931 2931 905 2344 2908 2908 2908 21 114 0 0 0 0 0 0 0 0 0 0 0 0 
35473 2401 2401 2401 1066 1066 1066 1066 1066 1066 2931 2931 2931 2931 905 2344 2908 2908 2908 21 114 0 0 0 0 0 0 0 0 0 0 0 0 
35473 2401 2401 2401 1066 1066 1066 1066 1066 1066 2931 2931 2931 2931 905 2344 2908 2908 2908 21 114 0 0 0 0 0 0 0 0 0 0 0 0 
35473 2401 2401 2401 1066 1066 1066 1066 1066 1066 2931 2931 2931 2931 905 2344 2908 2908 2908 21 114 0 0 0 0 0 0 0 0 0 0 0 0 
35473 2401 2401 2401 1066 1066 1066 1066 1066 1066 2931 2931 2931 2931 905 2344 2908 2908 2908 21 114 0 0 0 0 0 0 0 0 0 0 0 0 
35473 2401 2401 2401 1066 1066 1066 1066 1066 1066 2931 2931 2931 2931 905 2344 2908 2908 2908 21 114 0 0 0 0 0 0 0 0 0 0 0 0 
35473 2401 2401 2401 1066 1066 1066 1066 1066 1066 2931 2931 2931 2931 905 2344 2908 2908 2908 21 114 0 0 0 0 0 0 0 0 0 0 0 0 
35473 2401 2401 2401 1066 1066 1066 1066 1066 1066 2931 2931 2931 2931 905 2344 2908 2908 2908 21 114 0 0 0 0 0 0 0 0 0 0 0 0 
35473 2401 2401 2401 1066 1066 1066 1066 1066 1066 2931 2931 2931 2931 905 2344 2908 2908 2908 21 114 0 0 0 0 0 0 0 0 0 0 0 0 
35473 2401 2401 2401 1066 1066 1066 1066 1066 1066 2931 2931 2931 2931 905 2344 2908 2908 2908 21 114 0 0 0 0 0 0 0 0 0 0 0 0 
32
12.7974 77.4239
12.9437 77.6077
12.9437 77.6077
12.9437 77.6077
12.9437 77.6077
12.9437 77.6077
12.9437 77.6077
12.9437 77.6077
12.9437 77.6077
12.9437 77.6077
12.9389 77.6009
12.9544 77.6176
12.9544 77.6176
12.9442 77.6026
12.9442 77.6026
12.9442 77.6026
12.9442 77.6026
12.9442 77.6026
12.9446 77.6026
12.9379 77.5945
12.9575 77.6145
12.9478 77.6028
12.9568 77.613
12.9431 77.5959
12.9482 77.6003
12.9482 77.6003
12.9482 77.6003
12.9482 77.6003
12.9229 77.5664
12.9229 77.5664
12.9486 77.5797
12.9641 77.5711
0 35473 35473 35473 35473 35473 35473 35473 35473 35473 35066 35083 35083 34646 34646 34646 34646 34646 34693 36286 34543 34638 34778 33596 33397 33397 33397 33397 32608 32608 31017 28957 
35473 0 0 0 0 0 0 0 0 0 1437 2993 2993 783 783 783 783 783 586 3121 2893 1026 2812 2861 1179 1179 1179 1179 6990 6990 4921 6830 
35473 0 0 0 0 0 0 0 0 0 1437 2993 2993 783 783 783 783 783 586 3121 2893 1026 2812 2861 1179 1179 1179 1179 6990 6990 4921 6830 
35473 0 0 0 0 0 0 0 0 0 1437 2993 2993 783 783 783 783 783 586 3121 2893 1026 2812 2861 1179 1179 1179 1179 6990 6990 4921 6830 
35473 0 0 0 0 0 0 0 0 0 1437 2993 2993 783 783 783 783 783 586 3121 2893 1026 2812 2861 1179 1179 1179 1179 6990 6990 4921 6830 
35473 0 0 0 0 0 0 0 0 0 1437 2993 2993 783 783 783 783 783 586 3121 2893 1026 2812 2861 1179 1179 1179 1179 6990 6990 4921 6830 
35473 0 0 0 0 0 0 0 0 0 1437 2993 2993 783 783 783 783 783 586 3121 2893 1026 2812 2861 1179 1179 1179 1179 6990 6990 4921 6830 
35473 0 0 0 0 0 0 0 0 0 1437 2993 2993 783 783 783 783 783 586 3121 2893 1026 2812 2861 1179 1179 1179 1179 6990 6990 4921 6830 
35473 0 0 0 0 0 0 0 0 0 1437 2993 2993 783 783 783 783 783 586 3121 2893 1026 2812 2861 1179 1179 1179 1179 6990 6990 4921 6830 
35473 0 0 0 0 0 0 0 0 0 1437 2993 2993 783 783 783 783 783 586 3121 2893 1026 2812 2861 1179 1179 1179 1179 6990 6990 4921 6830 
35066 1437 1437 1437 1437 1437 1437 1437 1437 1437 0 3841 3841 741 741 741 741 741 788 2907 3631 1297 3550 1860 1381 1381 1381 1381 6081 6081 4405 5424 
35083 2993 2993 2993 2993 2993 2993 2993 2993 2993 3841 0 0 3100 3100 3100 3100 3100 3053 4898 591 2321 826 4053 2882 2882 2882 2882 9560 9560 6532 6440 
35083 2993 2993 2993 2993 2993 2993 2993 2993 2993 3841 0 0 3100 3100 3100 3100 3100 3053 4898 591 2321 826 4053 2882 2882 2882 2882 9560 9560 6532 6440 
34646 783 783 783 783 783 783 783 783 783 741 3100 3100 0 0 0 0 0 47 2582 2890 556 2809 1440 640 640 640 640 6460 6460 3941 4960 
34646 783 783 783 783 783 783 783 783 783 741 3100 3100 0 0 0 0 0 47 2582 2890 556 2809 1440 640 640 640 640 6460 6460 3941 4960 
34646 783 783 783 783 783 783 783 783 783 741 3100 3100 0 0 0 0 0 47 2582 2890 556 2809 1440 640 640 640 640 6460 6460 3941 4960 
34646 783 783 783 783 783 783 783 783 783 741 3100 3100 0 0 0 0 0 47 2582 2890 556 2809 1440 640 640 640 640 6460 6460 3941 4960 
34646 783 783 783 783 783 783 783 783 783 741 3100 3100 0 0 0 0 0 47 2582 2890 556 2809 1440 640 640 640 640 6460 6460 3941 4960 
34693 586 586 586 586 586 586 586 586 586 788 3053 3053 47 47 47 47 47 0 2535 2843 509 2762 1487 593 593 593 593 6507 6507 3894 4913 
36286 3121 3121 3121 3121 3121 3121 3121 3121 3121 2907 4898 4898 2582 2582 2582 2582 2582 2535 0 4916 2620 4835 1870 2107 2107 2107 2107 4749 4749 3537 5328 
34543 2893 2893 2893 2893 2893 2893 2893 2893 2893 3631 591 591 2890 2890 2890 2890 2890 2843 4916 0 2415 235 3843 2725 2725 2725 2725 9350 9350 6385 5900 
34638 1026 1026 1026 1026 1026 1026 1026 1026 1026 1297 2321 2321 556 556 556 556 556 509 2620 2415 0 2456 1611 672 672 672 672 6973 6973 3979 5362 
34778 2812 2812 2812 2812 2812 2812 2812 2812 2812 3550 826 826 2809 2809 2809 2809 2809 2762 4835 235 2456 0 3762 2644 2644 2644 2644 9269 9269 6620 6135 
33596 2861 2861 2861 2861 2861 2861 2861 2861 2861 1860 4053 4053 1440 1440 1440 1440 1440 1487 1870 3843 1611 3762 0 1055 1055 1055 1055 6578 6578 3368 4387 
33397 1179 1179 1179 1179 1179 1179 1179 1179 1179 1381 2882 2882 640 640 640 640 640 593 2107 2725 672 2644 1055 0 0 0 0 6676 6676 3678 4697 
33397 1179 1179 1179 1179 1179 1179 1179 1179 1179 1381 2882 2882 640 640 640 640 640 593 2107 2725 672 2644 1055 0 0 0 0 6676 6676 3678 4697 
33397 1179 1179 1179 1179 1179 1179 1179 1179 1179 1381 2882 2882 640 640 640 640 640 593 2107 2725 672 2644 1055 0 0 0 0 6676 6676 3678 4697 
33397 1179 1179 1179 1179 1179 1179 1179 1179 1179 1381 2882 2882 640 640 640 640 640 593 2107 2725 672 2644 1055 0 0 0 0 6676 6676 3678 4697 
32608 6990 6990 6990 6990 6990 6990 6990 6990 6990 6081 9560 9560 6460 6460 6460 6460 6460 6507 4749 9350 6973 9269 6578 6676 6676 6676 6676 0 0 4867 5808 
32608 6990 6990 6990 6990 6990 6990 6990 6990 6990 6081 9560 9560 6460 6460 6460 6460 6460 6507 4749 9350 6973 9269 6578 6676 6676 6676 6676 0 0 4867 5808 
31017 4921 4921 4921 4921 4921 4921 4921 4921 4921 4405 6532 6532 3941 3941 3941 3941 3941 3894 3537 6385 3979 6620 3368 3678 3678 3678 3678 4867 4867 0 2590 
28957 6830 6830 6830 6830 6830 6830 6830 6830 6830 5424 6440 6440 4960 4960 4960 4960 4960 4913 5328 5900 5362 6135 4387 4697 4697 4697 4697 5808 5808 2590 0 
